c = 10.0
dx = 1.0
dt = 0.1
u = [ 0. , 0.27 ,  0.782,  1.545,  2.27 ,  2.939,  3.536,  4.045,  4.455,
        4.755,  4.938,  5.   ,  4.938,  4.755,  4.455,  4.045,  3.536,
        2.939,  2.27 ,  1.545,  0.782,  0.   , -0.782, -1.545, -2.27 ,
       -2.939, -3.536, -4.045, -4.455, -4.755, -4.938, -5.   , -4.938,
       -4.755, -4.455, -4.045, -3.536, -2.939, -2.27 , -1.545, -0.782,
       -0.   ,  0.782,  1.545,  2.27 ,  2.939,  3.536,  4.045,  4.455,
        4.755,  4.938,  5.   ,  4.938,  4.755,  4.455,  4.045,  3.536,
        2.939,  2.27 ,  1.545,  0.782,  0.   , -0.782, -1.545, -2.27 ,
       -2.939, -3.536, -4.045, -4.455, -4.755, -4.938, -5.   , -4.938,
       -4.755, -4.455, -4.045, -3.536, -2.939, -2.27 , -1.545, -0.782,
       -0.   ,  0.782,  1.545,  2.27 ,  2.939,  3.536,  4.045,  4.455,
        4.755,  4.938,  5.   ,  4.938,  4.755,  4.455,  4.045,  3.536,
        2.939,  2.27 ,  1.545,  0.782,  0.   ]
u_prev = [ 0.   ,  0.782,  1.545,  2.27 ,  2.939,  3.536,  4.045,  4.455,
        4.755,  4.938,  5.   ,  4.938,  4.755,  4.455,  4.045,  3.536,
        2.939,  2.27 ,  1.545,  0.782,  0.   , -0.782, -1.545, -2.27 ,
       -2.939, -3.536, -4.045, -4.455, -4.755, -4.938, -5.   , -4.938,
       -4.755, -4.455, -4.045, -3.536, -2.939, -2.27 , -1.545, -0.782,
       -0.   ,  0.782,  1.545,  2.27 ,  2.939,  3.536,  4.045,  4.455,
        4.755,  4.938,  5.   ,  4.938,  4.755,  4.455,  4.045,  3.536,
        2.939,  2.27 ,  1.545,  0.782,  0.   , -0.782, -1.545, -2.27 ,
       -2.939, -3.536, -4.045, -4.455, -4.755, -4.938, -5.   , -4.938,
       -4.755, -4.455, -4.045, -3.536, -2.939, -2.27 , -1.545, -0.782,
       -0.   ,  0.782,  1.545,  2.27 ,  2.939,  3.536,  4.045,  4.455,
        4.755,  4.938,  5.   ,  4.938,  4.755,  4.455,  4.045,  3.536,
        2.939,  2.27 ,  1.545,  0.782,  0.   ]
