c = 10.0
dx = 1.0
dt = 0.1
u = [0.   , 0.157, 0.314, 0.471, 0.627, 0.782, 0.937, 1.091, 1.243,
       1.395, 1.545, 1.694, 1.841, 1.986, 2.129, 2.27 , 2.409, 2.545,
       2.679, 2.81 , 2.939, 3.065, 3.187, 3.307, 3.423, 3.536, 3.645,
       3.751, 3.853, 3.951, 4.045, 4.135, 4.222, 4.304, 4.382, 4.455,
       4.524, 4.589, 4.649, 4.704, 4.755, 4.801, 4.843, 4.88 , 4.911,
       4.938, 4.961, 4.978, 4.99 , 4.998, 5.   , 4.998, 4.99 , 4.978,
       4.961, 4.938, 4.911, 4.88 , 4.843, 4.801, 4.755, 4.704, 4.649,
       4.589, 4.524, 4.455, 4.382, 4.304, 4.222, 4.135, 4.045, 3.951,
       3.853, 3.751, 3.645, 3.536, 3.423, 3.307, 3.187, 3.065, 2.939,
       2.81 , 2.679, 2.545, 2.409, 2.27 , 2.129, 1.986, 1.841, 1.694,
       1.545, 1.395, 1.243, 1.091, 0.937, 0.782, 0.627, 0.471, 0.314,
       0.157, 0.   ]
u_prev = [0.   , 0.157, 0.314, 0.471, 0.627, 0.782, 0.937, 1.091, 1.243,
       1.395, 1.545, 1.694, 1.841, 1.986, 2.129, 2.27 , 2.409, 2.545,
       2.679, 2.81 , 2.939, 3.065, 3.187, 3.307, 3.423, 3.536, 3.645,
       3.751, 3.853, 3.951, 4.045, 4.135, 4.222, 4.304, 4.382, 4.455,
       4.524, 4.589, 4.649, 4.704, 4.755, 4.801, 4.843, 4.88 , 4.911,
       4.938, 4.961, 4.978, 4.99 , 4.998, 5.   , 4.998, 4.99 , 4.978,
       4.961, 4.938, 4.911, 4.88 , 4.843, 4.801, 4.755, 4.704, 4.649,
       4.589, 4.524, 4.455, 4.382, 4.304, 4.222, 4.135, 4.045, 3.951,
       3.853, 3.751, 3.645, 3.536, 3.423, 3.307, 3.187, 3.065, 2.939,
       2.81 , 2.679, 2.545, 2.409, 2.27 , 2.129, 1.986, 1.841, 1.694,
       1.545, 1.395, 1.243, 1.091, 0.937, 0.782, 0.627, 0.471, 0.314,
       0.157, 0.   ]
